4
5
6
7
8
9
10
12
13
14
15
16
17
18
19
22
24
27
28
29
30
33
34
35
36
37
38
39
40
42
44
47
49
50
51
52
54
55
56
61
63
64
65
66
70
72
73
74
75
76
78
79
80
84
85
86
90
94
95
96
97
98
99
100
101
103
106
109
111
112
113
115
117
123
127
128
129
130
133
135
137
138
143
146
148
149
150
153
156
157
158
161
162
166
167
168
172
173
174
175
176
177
178
179
180
182
183
184
185
187
188
190
193
194
195
197
198
199
200
201
202
203
204
206
208
210
211
214
215
216
217
219
221
222
223
224
226
228
231
232
233
236
237
244
245
250
251
252
256
257
258
259
261
263
264
265
270
275
277
279
280
281
282
284
287
290
291
293
294
295
298
299
300
302
303
307
308
309
344
345
346
349
350
351
352
353
354
355
357
359
361
363
364
366
367
369
370
371
373
374
375
376
377
378
379
381
382
386
387
388
389
390
391
392
405
407
409
413
414
417
419
420
421
423
426
427
429
430
436
440
442
445
446
447
448
449
450
451
452
453
454
455
456
457
458
459
460
461
462
463
464
465
467
468
469
470
471
473
476
479
480
481
482
483
484
485
486
487
490
491
493
498
500
501
502
507
508
509
510
511
512
514
515
516
517
518
519
520
521
523
524
525
530
537
539
540
541
545
546
548
561
563
564
567
568
569
572
583
585
588
597
599
602
608
609
610
614
615
617
618
619
620
622
623
624
625
626
627
628
629
630
631
632
633
640
641
644
645
646
649
655
662
665
666
667
669
671
678
679
680
681
682
683
685
686
689
694
696
698
704
753
755
756
757
759
762
764
765
769
770
771
772
773
795
796
797
798
799
800
802
803
807
811
812
815
818
819
820
821
825
826
827
828
829
831
832
833
834
835
836
837
838
839
840
842
844
877
880
881
882
883
886
889
893
894
896
899
900
901
904
924
926
928
933
936
944
952
958
964
965
967
986
1001
1004
1005
1028
1033
1035
1038
1051
1069
